* [2020-04-06 08:49:49] lindy@eht-crunch-1:/data/2017-april/ce/er6test4/hops-hi/1.+flags+wins$ /home/lindy/bin/fix_lopcal /data/2017-april/ce/er6test4/hops-hi/1.+flags+wins/data/temp_pcal -b hi

if station J
    pc_phases_r abcdefghijklmnopqrstuvwxyzABCDEF -68.925660 -44.115017 -29.204560 -15.522335 5.987199 13.771177 16.228449 14.495390 21.518508 22.933284 23.120810 25.569927 36.783431 34.209397 29.000454 33.601356 36.438861 26.538354 8.602914 -9.094204 -18.661581 -34.521537 -56.780431 -75.780432 -94.206697 -121.343077 -151.282339 -181.936915 -221.894816 -278.596472 -322.121173 -352.468920
if station L
    pc_phases_r abcdefghijklmnopqrstuvwxyzABCDEF -64.026495 -52.920052 -47.061664 -40.047341 -18.680267 -7.575665 -2.625784 0.092513 13.483722 19.180868 24.687726 26.041140 35.088173 36.427429 40.811626 41.175663 43.404052 40.653879 39.989729 34.600894 33.325639 23.932958 16.380178 6.726792 5.248081 -6.469290 -17.968244 -31.965776 -41.615464 -54.907777 -68.713217 -87.069273
if station P
    pc_phases_r abcdefghijklmnopqrstuvwxyzABCDEF -62.832192 -59.070327 -50.053727 -40.620699 -23.042131 -13.069403 -11.488899 -9.452231 9.994180 20.192657 28.135021 34.377148 46.479451 49.752213 54.294018 55.097384 59.125723 50.755089 42.913732 33.695326 35.591568 31.906406 20.899167 9.027554 3.328662 -13.974831 -32.612628 -50.675946 -66.695700 -88.606150 -116.475780 -143.409958
if station S
    pc_phases_r abcdefghijklmnopqrstuvwxyzABCDEF -69.947111 -53.537660 -39.871297 -28.928559 -11.594594 -4.456500 2.464879 6.207817 18.583650 21.240995 22.760649 24.256896 33.656008 31.699691 31.676206 34.774303 40.507798 36.147616 30.684571 28.211468 29.322338 23.487779 13.748208 3.855715 0.593106 -6.801849 -17.448589 -31.921947 -42.205364 -55.039164 -65.098036 -66.212177
if station X
    pc_phases_r abcdefghijklmnopqrstuvwxyzABCDEF -30.797065 -28.902369 -26.993759 -29.511806 -26.090410 -15.654114 -3.321441 1.870979 5.254766 3.867049 6.727025 9.101031 12.825477 10.864740 14.148624 14.771992 24.328955 23.663600 32.993045 31.387618 32.974465 26.970954 19.051220 10.156283 9.480510 5.229180 1.496110 -14.441338 -28.424497 -44.464328 -57.036565 -59.082524
if station Y
    pc_phases_r abcdefghijklmnopqrstuvwxyzABCDEF -64.407971 -50.157411 -35.845975 -22.635314 -9.569637 -3.974411 1.767640 8.669127 14.959002 21.348894 17.671099 17.277890 26.954975 29.312600 37.280256 34.766089 36.336490 31.432794 26.388865 23.536386 21.324352 16.736169 11.974900 3.042955 0.152129 -7.308927 -10.011923 -14.592401 -18.855829 -34.830947 -50.827867 -67.377123
if station Z
    pc_phases_r abcdefghijklmnopqrstuvwxyzABCDEF -60.570560 -57.391278 -47.026393 -37.784959 -16.259253 -10.514243 -5.001475 -1.259550 13.074710 17.047389 20.295412 20.912737 30.920278 35.142493 45.001121 46.959659 51.723655 50.203256 47.118409 40.747434 37.905551 30.500453 21.155308 7.729054 -0.738095 -17.940588 -34.649389 -53.350969 -72.697913 -97.771995 -124.338169 -154.569610
if station J
    pc_phases_l abcdefghijklmnopqrstuvwxyzABCDEF -69.915189 -43.512762 -27.892268 -13.880891 6.050429 11.897571 12.443101 9.141727 17.800909 20.279424 20.788821 24.521612 37.116714 33.394417 26.974268 32.144018 40.024896 30.766564 13.669552 -3.543438 -8.101794 -23.919369 -46.130188 -65.658984 -80.460750 -108.167802 -138.297728 -168.787654 -207.900242 -264.726474 -309.382152 -341.867278
if station L
    pc_phases_l abcdefghijklmnopqrstuvwxyzABCDEF -60.782159 -53.877262 -45.556161 -38.228136 -18.872829 -12.092612 -9.369312 -5.383191 11.139670 17.476565 22.446957 23.561904 32.992106 38.141807 43.788545 40.070712 42.970814 38.894207 35.489354 28.370940 28.102195 25.159935 22.904727 14.147648 9.441258 -0.205920 -13.960530 -29.136600 -38.826224 -52.373807 -67.833212 -88.160600
if station P
    pc_phases_l abcdefghijklmnopqrstuvwxyzABCDEF -62.336672 -59.027388 -47.947647 -45.046251 -19.723834 -14.589246 -9.592598 -6.001297 11.002274 17.852336 22.190368 27.883104 44.949134 47.449742 51.606114 50.477052 59.225010 58.659587 55.227290 48.526435 43.221892 36.206996 25.594603 10.565118 -2.023308 -24.884590 -42.594507 -61.193316 -78.995798 -98.093592 -122.255133 -148.839528
if station R
    pc_phases_l abcdefghijklmnopqrstuvwxyzABCDEF -89.462008 -63.285479 -48.649712 -30.936985 -5.989945 7.420736 11.919248 24.770140 29.455810 22.846865 23.081094 25.592128 31.839067 34.551249 34.924035 33.790740 33.411819 24.383576 21.203777 16.002245 10.488304 0.731763 -4.756490 -12.556495 -16.384640 -37.968836 -63.111640 -91.860948 -127.063161 -177.364666 -213.494987 -235.454123
if station S
    pc_phases_l abcdefghijklmnopqrstuvwxyzABCDEF -79.868399 -58.856712 -45.248104 -31.628545 -10.370869 -5.044661 2.101458 12.583737 24.117218 26.814446 28.755711 23.721952 28.074646 27.310552 28.301047 27.726176 30.517856 28.224898 34.365103 36.315596 31.150307 20.202903 11.583377 4.142110 2.759563 -5.038262 -12.166061 -21.807186 -32.031512 -47.621690 -63.855611 -71.399182
if station X
    pc_phases_l abcdefghijklmnopqrstuvwxyzABCDEF -42.373007 -43.204952 -38.046063 -33.621998 -17.756898 -9.999344 -7.424390 -4.733980 6.078730 10.240629 12.722919 16.717233 27.889937 27.856389 29.553793 31.626942 34.534354 31.307327 35.234611 34.954120 35.787204 29.807841 24.481265 13.125244 11.346562 2.864036 -5.373691 -20.945923 -32.649158 -51.962753 -76.314449 -106.578900
if station Y
    pc_phases_l abcdefghijklmnopqrstuvwxyzABCDEF -57.332562 -39.601051 -30.557970 -22.815194 -16.479437 -13.883973 -13.102600 -4.759531 10.047571 22.816710 25.542241 29.779179 34.976218 31.601387 34.140541 29.872892 35.043992 31.118706 29.424714 23.190089 27.558939 21.632014 23.161609 13.046884 7.004999 5.594974 -6.555986 -19.917271 -30.443550 -49.115156 -68.284750 -90.190401
if station Z
    pc_phases_l abcdefghijklmnopqrstuvwxyzABCDEF -54.838857 -52.575158 -44.747007 -35.364530 -18.264050 -9.491247 -5.151629 0.731506 13.281287 13.872979 18.087963 25.513896 37.821006 40.333414 47.048885 48.219080 47.966746 43.545604 36.399180 32.417475 31.826214 27.271278 17.386596 5.939608 -0.166909 -15.532087 -33.918416 -50.060905 -68.622815 -92.848757 -122.845467 -155.024524
if station J
    delay_offs abcdefghijklmnopqrstuvwxyzABCDEF 1.464783 0.972146 0.691709 0.817546 0.647360 0.191269 -0.029255 0.126473 0.236049 0.056369 0.083916 0.359498 0.207829 -0.216147 -0.022853 0.251179 -0.091686 -0.640196 -0.826907 -0.573272 -0.536634 -0.902478 -0.982997 -0.847051 -1.041687 -1.363157 -1.436222 -1.659796 -2.281333 -2.394476 -1.799977 -1.205479
if station L
    delay_offs abcdefghijklmnopqrstuvwxyzABCDEF 0.480391 0.382851 0.337339 0.653122 0.694042 0.301712 0.170259 0.434773 0.497677 0.266653 0.153126 0.248272 0.297002 0.197007 0.078586 0.020371 -0.019876 -0.128552 -0.195647 -0.166275 -0.165484 -0.262125 -0.331421 -0.290428 -0.325878 -0.552637 -0.647459 -0.575911 -0.547436 -0.665693 -0.806869 -1.030596
if station P
    delay_offs abcdefghijklmnopqrstuvwxyzABCDEF 0.015185 0.321168 0.386908 0.654133 0.685734 0.257591 0.142047 0.499223 0.636935 0.350837 0.289929 0.485341 0.411636 0.172088 0.100448 0.145974 0.037745 -0.245630 -0.322741 -0.225150 -0.162854 -0.381997 -0.574352 -0.532443 -0.687607 -0.903592 -0.864796 -0.833924 -0.886830 -1.106044 -1.253799 -1.286530
if station R
    delay_offs abcdefghijklmnopqrstuvwxyzABCDEF 1.514520 0.967403 0.766779 1.011194 0.909220 0.424514 0.411245 0.415681 -0.045589 -0.151104 0.065073 0.207596 0.212364 0.073125 -0.018027 -0.035845 -0.222985 -0.289376 -0.198669 -0.253996 -0.361967 -0.361358 -0.314981 -0.275630 -0.602367 -1.107603 -1.277443 -1.515888 -2.026755 -2.048754 -1.376935 -0.705116
if station S
    delay_offs abcdefghijklmnopqrstuvwxyzABCDEF 1.014727 0.769192 0.615930 0.751611 0.606045 0.313964 0.337998 0.454759 0.347718 0.105772 -0.004769 0.112705 0.127458 -0.019413 0.038698 0.126989 0.025981 -0.062882 0.010554 -0.053503 -0.255627 -0.419563 -0.420279 -0.257978 -0.234256 -0.389164 -0.490292 -0.520329 -0.576765 -0.657939 -0.431851 -0.014945
if station X
    delay_offs abcdefghijklmnopqrstuvwxyzABCDEF 0.021736 0.136877 0.125894 0.257459 0.445357 0.391968 0.270497 0.261612 0.197261 0.094122 0.137787 0.247597 0.150017 0.037907 0.093295 0.178820 0.104061 0.115706 0.135370 0.005951 -0.113211 -0.299645 -0.396809 -0.267938 -0.179081 -0.291714 -0.515148 -0.678665 -0.724685 -0.863375 -0.859030 -0.802788
if station Y
    delay_offs abcdefghijklmnopqrstuvwxyzABCDEF 0.873077 0.655506 0.517049 0.466236 0.318731 0.170180 0.256998 0.439270 0.487438 0.224476 0.043662 0.223500 0.156126 0.102361 0.037802 0.001320 -0.020835 -0.181155 -0.187567 -0.079886 -0.095048 -0.159296 -0.258962 -0.333730 -0.206812 -0.282320 -0.408492 -0.404203 -0.591009 -0.828250 -0.872620 -0.948992
if station Z
    delay_offs abcdefghijklmnopqrstuvwxyzABCDEF -0.023427 0.280039 0.436597 0.679013 0.629968 0.288636 0.230350 0.432614 0.374220 0.143351 0.181014 0.356674 0.345331 0.278380 0.234256 0.091610 -0.015547 -0.189956 -0.242425 -0.163533 -0.183789 -0.369958 -0.523092 -0.469942 -0.561227 -0.802029 -0.829471 -0.864152 -1.034248 -1.253150 -1.407097 -1.547321
