* [2020-04-06 12:17:35] lindy@eht-crunch-1:/data/2017-april/ce/er6test4/hops-hi/3.+adhoc$ /home/lindy/bin/alma_delayoffs -c /data/2017-april/ce/er6test4/hops-hi/3.+adhoc/data/alist.v6

if station L and scan 094-185959 to 095-190001
    delay_offs_r abcdefghijklmnopqrstuvwxyzABCDEF -0.7894 -0.7894 -0.7894 -0.7894 -0.7894 -0.7894 -0.7894 -0.7894 -0.7894 -0.7894 -0.7894 -0.7894 -0.7894 -0.7894 -0.7894 -0.7894 -0.7894 -0.7894 -0.7894 -0.7894 -0.7894 -0.7894 -0.7894 -0.7894 -0.7894 -0.7894 -0.7894 -0.7894 -0.7894 -0.7894 -0.7894 -0.7894
    pc_delay_r -0.7894

if station P and scan 094-185959 to 095-190001
    delay_offs_r abcdefghijklmnopqrstuvwxyzABCDEF 5.3838 5.3838 5.3838 5.3838 5.3838 5.3838 5.3838 5.3838 5.3838 5.3838 5.3838 5.3838 5.3838 5.3838 5.3838 5.3838 5.3838 5.3838 5.3838 5.3838 5.3838 5.3838 5.3838 5.3838 5.3838 5.3838 5.3838 5.3838 5.3838 5.3838 5.3838 5.3838
    pc_delay_r 5.3838

if station S and scan 094-185959 to 095-190001
    delay_offs_r abcdefghijklmnopqrstuvwxyzABCDEF -54.3473 -54.3473 -54.3473 -54.3473 -54.3473 -54.3473 -54.3473 -54.3473 -54.3473 -54.3473 -54.3473 -54.3473 -54.3473 -54.3473 -54.3473 -54.3473 -54.3473 -54.3473 -54.3473 -54.3473 -54.3473 -54.3473 -54.3473 -54.3473 -54.3473 -54.3473 -54.3473 -54.3473 -54.3473 -54.3473 -54.3473 -54.3473
    pc_delay_r -54.3473

if station X and scan 094-185959 to 095-190001
    delay_offs_r abcdefghijklmnopqrstuvwxyzABCDEF -0.6238 -0.6238 -0.6238 -0.6238 -0.6238 -0.6238 -0.6238 -0.6238 -0.6238 -0.6238 -0.6238 -0.6238 -0.6238 -0.6238 -0.6238 -0.6238 -0.6238 -0.6238 -0.6238 -0.6238 -0.6238 -0.6238 -0.6238 -0.6238 -0.6238 -0.6238 -0.6238 -0.6238 -0.6238 -0.6238 -0.6238 -0.6238
    pc_delay_r -0.6238

if station Z and scan 094-185959 to 095-190001
    delay_offs_r abcdefghijklmnopqrstuvwxyzABCDEF 3.7456 3.7456 3.7456 3.7456 3.7456 3.7456 3.7456 3.7456 3.7456 3.7456 3.7456 3.7456 3.7456 3.7456 3.7456 3.7456 3.7456 3.7456 3.7456 3.7456 3.7456 3.7456 3.7456 3.7456 3.7456 3.7456 3.7456 3.7456 3.7456 3.7456 3.7456 3.7456
    pc_delay_r 3.7456

if station L and scan 095-185959 to 096-190001
    delay_offs_r abcdefghijklmnopqrstuvwxyzABCDEF -0.7849 -0.7849 -0.7849 -0.7849 -0.7849 -0.7849 -0.7849 -0.7849 -0.7849 -0.7849 -0.7849 -0.7849 -0.7849 -0.7849 -0.7849 -0.7849 -0.7849 -0.7849 -0.7849 -0.7849 -0.7849 -0.7849 -0.7849 -0.7849 -0.7849 -0.7849 -0.7849 -0.7849 -0.7849 -0.7849 -0.7849 -0.7849
    pc_delay_r -0.7849

if station P and scan 095-185959 to 096-190001
    delay_offs_r abcdefghijklmnopqrstuvwxyzABCDEF 5.3977 5.3977 5.3977 5.3977 5.3977 5.3977 5.3977 5.3977 5.3977 5.3977 5.3977 5.3977 5.3977 5.3977 5.3977 5.3977 5.3977 5.3977 5.3977 5.3977 5.3977 5.3977 5.3977 5.3977 5.3977 5.3977 5.3977 5.3977 5.3977 5.3977 5.3977 5.3977
    pc_delay_r 5.3977

if station S and scan 095-185959 to 096-190001
    delay_offs_r abcdefghijklmnopqrstuvwxyzABCDEF -54.3480 -54.3480 -54.3480 -54.3480 -54.3480 -54.3480 -54.3480 -54.3480 -54.3480 -54.3480 -54.3480 -54.3480 -54.3480 -54.3480 -54.3480 -54.3480 -54.3480 -54.3480 -54.3480 -54.3480 -54.3480 -54.3480 -54.3480 -54.3480 -54.3480 -54.3480 -54.3480 -54.3480 -54.3480 -54.3480 -54.3480 -54.3480
    pc_delay_r -54.3480

if station X and scan 095-185959 to 096-190001
    delay_offs_r abcdefghijklmnopqrstuvwxyzABCDEF -0.6217 -0.6217 -0.6217 -0.6217 -0.6217 -0.6217 -0.6217 -0.6217 -0.6217 -0.6217 -0.6217 -0.6217 -0.6217 -0.6217 -0.6217 -0.6217 -0.6217 -0.6217 -0.6217 -0.6217 -0.6217 -0.6217 -0.6217 -0.6217 -0.6217 -0.6217 -0.6217 -0.6217 -0.6217 -0.6217 -0.6217 -0.6217
    pc_delay_r -0.6217

if station Y and scan 095-185959 to 096-190001
    delay_offs_r abcdefghijklmnopqrstuvwxyzABCDEF 6.5237 6.5237 6.5237 6.5237 6.5237 6.5237 6.5237 6.5237 6.5237 6.5237 6.5237 6.5237 6.5237 6.5237 6.5237 6.5237 6.5237 6.5237 6.5237 6.5237 6.5237 6.5237 6.5237 6.5237 6.5237 6.5237 6.5237 6.5237 6.5237 6.5237 6.5237 6.5237
    pc_delay_r 6.5237

if station Z and scan 095-185959 to 096-190001
    delay_offs_r abcdefghijklmnopqrstuvwxyzABCDEF 3.7614 3.7614 3.7614 3.7614 3.7614 3.7614 3.7614 3.7614 3.7614 3.7614 3.7614 3.7614 3.7614 3.7614 3.7614 3.7614 3.7614 3.7614 3.7614 3.7614 3.7614 3.7614 3.7614 3.7614 3.7614 3.7614 3.7614 3.7614 3.7614 3.7614 3.7614 3.7614
    pc_delay_r 3.7614

if station L and scan 096-185959 to 097-190001
    delay_offs_r abcdefghijklmnopqrstuvwxyzABCDEF -0.7882 -0.7882 -0.7882 -0.7882 -0.7882 -0.7882 -0.7882 -0.7882 -0.7882 -0.7882 -0.7882 -0.7882 -0.7882 -0.7882 -0.7882 -0.7882 -0.7882 -0.7882 -0.7882 -0.7882 -0.7882 -0.7882 -0.7882 -0.7882 -0.7882 -0.7882 -0.7882 -0.7882 -0.7882 -0.7882 -0.7882 -0.7882
    pc_delay_r -0.7882

if station P and scan 096-185959 to 097-190001
    delay_offs_r abcdefghijklmnopqrstuvwxyzABCDEF 5.4010 5.4010 5.4010 5.4010 5.4010 5.4010 5.4010 5.4010 5.4010 5.4010 5.4010 5.4010 5.4010 5.4010 5.4010 5.4010 5.4010 5.4010 5.4010 5.4010 5.4010 5.4010 5.4010 5.4010 5.4010 5.4010 5.4010 5.4010 5.4010 5.4010 5.4010 5.4010
    pc_delay_r 5.4010

if station S and scan 096-185959 to 097-190001
    delay_offs_r abcdefghijklmnopqrstuvwxyzABCDEF -54.3450 -54.3450 -54.3450 -54.3450 -54.3450 -54.3450 -54.3450 -54.3450 -54.3450 -54.3450 -54.3450 -54.3450 -54.3450 -54.3450 -54.3450 -54.3450 -54.3450 -54.3450 -54.3450 -54.3450 -54.3450 -54.3450 -54.3450 -54.3450 -54.3450 -54.3450 -54.3450 -54.3450 -54.3450 -54.3450 -54.3450 -54.3450
    pc_delay_r -54.3450

if station X and scan 096-185959 to 097-190001
    delay_offs_r abcdefghijklmnopqrstuvwxyzABCDEF -0.5436 -0.5436 -0.5436 -0.5436 -0.5436 -0.5436 -0.5436 -0.5436 -0.5436 -0.5436 -0.5436 -0.5436 -0.5436 -0.5436 -0.5436 -0.5436 -0.5436 -0.5436 -0.5436 -0.5436 -0.5436 -0.5436 -0.5436 -0.5436 -0.5436 -0.5436 -0.5436 -0.5436 -0.5436 -0.5436 -0.5436 -0.5436
    pc_delay_r -0.5436

if station Y and scan 096-185959 to 097-190001
    delay_offs_r abcdefghijklmnopqrstuvwxyzABCDEF 6.5206 6.5206 6.5206 6.5206 6.5206 6.5206 6.5206 6.5206 6.5206 6.5206 6.5206 6.5206 6.5206 6.5206 6.5206 6.5206 6.5206 6.5206 6.5206 6.5206 6.5206 6.5206 6.5206 6.5206 6.5206 6.5206 6.5206 6.5206 6.5206 6.5206 6.5206 6.5206
    pc_delay_r 6.5206

if station Z and scan 096-185959 to 097-190001
    delay_offs_r abcdefghijklmnopqrstuvwxyzABCDEF 3.7667 3.7667 3.7667 3.7667 3.7667 3.7667 3.7667 3.7667 3.7667 3.7667 3.7667 3.7667 3.7667 3.7667 3.7667 3.7667 3.7667 3.7667 3.7667 3.7667 3.7667 3.7667 3.7667 3.7667 3.7667 3.7667 3.7667 3.7667 3.7667 3.7667 3.7667 3.7667
    pc_delay_r 3.7667

if station S and scan 097-185959 to 098-190001
    delay_offs_r abcdefghijklmnopqrstuvwxyzABCDEF -54.3479 -54.3479 -54.3479 -54.3479 -54.3479 -54.3479 -54.3479 -54.3479 -54.3479 -54.3479 -54.3479 -54.3479 -54.3479 -54.3479 -54.3479 -54.3479 -54.3479 -54.3479 -54.3479 -54.3479 -54.3479 -54.3479 -54.3479 -54.3479 -54.3479 -54.3479 -54.3479 -54.3479 -54.3479 -54.3479 -54.3479 -54.3479
    pc_delay_r -54.3479

if station Y and scan 097-185959 to 098-190001
    delay_offs_r abcdefghijklmnopqrstuvwxyzABCDEF 6.5255 6.5255 6.5255 6.5255 6.5255 6.5255 6.5255 6.5255 6.5255 6.5255 6.5255 6.5255 6.5255 6.5255 6.5255 6.5255 6.5255 6.5255 6.5255 6.5255 6.5255 6.5255 6.5255 6.5255 6.5255 6.5255 6.5255 6.5255 6.5255 6.5255 6.5255 6.5255
    pc_delay_r 6.5255

if station L and scan 099-185959 to 100-190001
    delay_offs_r abcdefghijklmnopqrstuvwxyzABCDEF -0.7853 -0.7853 -0.7853 -0.7853 -0.7853 -0.7853 -0.7853 -0.7853 -0.7853 -0.7853 -0.7853 -0.7853 -0.7853 -0.7853 -0.7853 -0.7853 -0.7853 -0.7853 -0.7853 -0.7853 -0.7853 -0.7853 -0.7853 -0.7853 -0.7853 -0.7853 -0.7853 -0.7853 -0.7853 -0.7853 -0.7853 -0.7853
    pc_delay_r -0.7853

if station P and scan 099-185959 to 100-190001
    delay_offs_r abcdefghijklmnopqrstuvwxyzABCDEF 5.3947 5.3947 5.3947 5.3947 5.3947 5.3947 5.3947 5.3947 5.3947 5.3947 5.3947 5.3947 5.3947 5.3947 5.3947 5.3947 5.3947 5.3947 5.3947 5.3947 5.3947 5.3947 5.3947 5.3947 5.3947 5.3947 5.3947 5.3947 5.3947 5.3947 5.3947 5.3947
    pc_delay_r 5.3947

if station S and scan 099-185959 to 100-190001
    delay_offs_r abcdefghijklmnopqrstuvwxyzABCDEF -54.0468 -54.0468 -54.0468 -54.0468 -54.0468 -54.0468 -54.0468 -54.0468 -54.0468 -54.0468 -54.0468 -54.0468 -54.0468 -54.0468 -54.0468 -54.0468 -54.0468 -54.0468 -54.0468 -54.0468 -54.0468 -54.0468 -54.0468 -54.0468 -54.0468 -54.0468 -54.0468 -54.0468 -54.0468 -54.0468 -54.0468 -54.0468
    pc_delay_r -54.0468

if station X and scan 099-185959 to 100-190001
    delay_offs_r abcdefghijklmnopqrstuvwxyzABCDEF -0.5437 -0.5437 -0.5437 -0.5437 -0.5437 -0.5437 -0.5437 -0.5437 -0.5437 -0.5437 -0.5437 -0.5437 -0.5437 -0.5437 -0.5437 -0.5437 -0.5437 -0.5437 -0.5437 -0.5437 -0.5437 -0.5437 -0.5437 -0.5437 -0.5437 -0.5437 -0.5437 -0.5437 -0.5437 -0.5437 -0.5437 -0.5437
    pc_delay_r -0.5437

if station Y and scan 099-185959 to 100-190001
    delay_offs_r abcdefghijklmnopqrstuvwxyzABCDEF 6.5180 6.5180 6.5180 6.5180 6.5180 6.5180 6.5180 6.5180 6.5180 6.5180 6.5180 6.5180 6.5180 6.5180 6.5180 6.5180 6.5180 6.5180 6.5180 6.5180 6.5180 6.5180 6.5180 6.5180 6.5180 6.5180 6.5180 6.5180 6.5180 6.5180 6.5180 6.5180
    pc_delay_r 6.5180

if station Z and scan 099-185959 to 100-190001
    delay_offs_r abcdefghijklmnopqrstuvwxyzABCDEF 4.2389 4.2389 4.2389 4.2389 4.2389 4.2389 4.2389 4.2389 4.2389 4.2389 4.2389 4.2389 4.2389 4.2389 4.2389 4.2389 4.2389 4.2389 4.2389 4.2389 4.2389 4.2389 4.2389 4.2389 4.2389 4.2389 4.2389 4.2389 4.2389 4.2389 4.2389 4.2389
    pc_delay_r 4.2389

if station X and scan 100-185959 to 101-003001
    delay_offs_r abcdefghijklmnopqrstuvwxyzABCDEF -0.5429 -0.5429 -0.5429 -0.5429 -0.5429 -0.5429 -0.5429 -0.5429 -0.5429 -0.5429 -0.5429 -0.5429 -0.5429 -0.5429 -0.5429 -0.5429 -0.5429 -0.5429 -0.5429 -0.5429 -0.5429 -0.5429 -0.5429 -0.5429 -0.5429 -0.5429 -0.5429 -0.5429 -0.5429 -0.5429 -0.5429 -0.5429
    pc_delay_r -0.5429

if station L and scan 100-185959 to 101-190001
    delay_offs_r abcdefghijklmnopqrstuvwxyzABCDEF -0.7872 -0.7872 -0.7872 -0.7872 -0.7872 -0.7872 -0.7872 -0.7872 -0.7872 -0.7872 -0.7872 -0.7872 -0.7872 -0.7872 -0.7872 -0.7872 -0.7872 -0.7872 -0.7872 -0.7872 -0.7872 -0.7872 -0.7872 -0.7872 -0.7872 -0.7872 -0.7872 -0.7872 -0.7872 -0.7872 -0.7872 -0.7872
    pc_delay_r -0.7872

if station P and scan 100-185959 to 101-190001
    delay_offs_r abcdefghijklmnopqrstuvwxyzABCDEF 5.3945 5.3945 5.3945 5.3945 5.3945 5.3945 5.3945 5.3945 5.3945 5.3945 5.3945 5.3945 5.3945 5.3945 5.3945 5.3945 5.3945 5.3945 5.3945 5.3945 5.3945 5.3945 5.3945 5.3945 5.3945 5.3945 5.3945 5.3945 5.3945 5.3945 5.3945 5.3945
    pc_delay_r 5.3945

if station S and scan 100-185959 to 101-190001
    delay_offs_r abcdefghijklmnopqrstuvwxyzABCDEF -54.0343 -54.0343 -54.0343 -54.0343 -54.0343 -54.0343 -54.0343 -54.0343 -54.0343 -54.0343 -54.0343 -54.0343 -54.0343 -54.0343 -54.0343 -54.0343 -54.0343 -54.0343 -54.0343 -54.0343 -54.0343 -54.0343 -54.0343 -54.0343 -54.0343 -54.0343 -54.0343 -54.0343 -54.0343 -54.0343 -54.0343 -54.0343
    pc_delay_r -54.0343

if station Y and scan 100-185959 to 101-190001
    delay_offs_r abcdefghijklmnopqrstuvwxyzABCDEF 6.5227 6.5227 6.5227 6.5227 6.5227 6.5227 6.5227 6.5227 6.5227 6.5227 6.5227 6.5227 6.5227 6.5227 6.5227 6.5227 6.5227 6.5227 6.5227 6.5227 6.5227 6.5227 6.5227 6.5227 6.5227 6.5227 6.5227 6.5227 6.5227 6.5227 6.5227 6.5227
    pc_delay_r 6.5227

if station Z and scan 100-185959 to 101-190001
    delay_offs_r abcdefghijklmnopqrstuvwxyzABCDEF 4.2379 4.2379 4.2379 4.2379 4.2379 4.2379 4.2379 4.2379 4.2379 4.2379 4.2379 4.2379 4.2379 4.2379 4.2379 4.2379 4.2379 4.2379 4.2379 4.2379 4.2379 4.2379 4.2379 4.2379 4.2379 4.2379 4.2379 4.2379 4.2379 4.2379 4.2379 4.2379
    pc_delay_r 4.2379

if station X and scan 101-002959 to 101-190001
    delay_offs_r abcdefghijklmnopqrstuvwxyzABCDEF -1.0311 -1.0311 -1.0311 -1.0311 -1.0311 -1.0311 -1.0311 -1.0311 -1.0311 -1.0311 -1.0311 -1.0311 -1.0311 -1.0311 -1.0311 -1.0311 -1.0311 -1.0311 -1.0311 -1.0311 -1.0311 -1.0311 -1.0311 -1.0311 -1.0311 -1.0311 -1.0311 -1.0311 -1.0311 -1.0311 -1.0311 -1.0311
    pc_delay_r -1.0311

