* [2020-04-06 08:43:22] lindy@eht-crunch-0:/data/2017-april/ce/er6test4/hops-lo/1.+flags+wins$ /home/lindy/bin/fix_lopcal /data/2017-april/ce/er6test4/hops-lo/1.+flags+wins/data/temp_pcal -b lo

if station J
    pc_phases_r abcdefghijklmnopqrstuvwxyzABCDEF 103.870450 81.101906 42.047524 18.535220 7.359281 -1.503704 -11.625991 -16.221746 -20.337022 -17.563436 -21.727255 -25.479705 -26.169425 -28.220849 -22.064174 -20.187745 -7.775081 -2.668149 -2.535666 -9.600568 -10.070920 -8.320798 -9.413701 -9.600919 6.472736 16.121947 25.432882 20.835670 16.462609 15.591352 20.607217 31.510204
if station L and baseline JL or station L and baseline RL
    pc_phases_r abcdefghijklmnopqrstuvwxyzABCDE -23.467660 -20.118807 -17.332964 -16.531667 -10.271506 -2.563569 6.608244 7.152247 6.934043 6.206687 6.145653 4.115788 5.639720 9.941911 11.195250 10.207853 12.914744 14.129698 14.729772 14.888478 18.786871 18.055373 13.695300 7.590037 5.004395 3.603572 0.460248 -9.394122 -18.963023 -30.524368 -51.170864
if station L and not baseline JL and not baseline RL
    pc_phases_r abcdefghijklmnopqrstuvwxyzABCDEF -15.479705 -23.467660 -20.118807 -17.332964 -16.531667 -10.271506 -2.563569 6.608244 7.152247 6.934043 6.206687 6.145653 4.115788 5.639720 9.941911 11.195250 10.207853 12.914744 14.129698 14.729772 14.888478 18.786871 18.055373 13.695300 7.590037 5.004395 3.603572 0.460248 -9.394122 -18.963023 -30.524368 -51.170864
if station P and baseline JP or station P and baseline RP
    pc_phases_r abcdefghijklmnopqrstuvwxyzABCDE 111.784421 75.395027 49.845050 28.706745 15.823596 1.327429 -9.232649 -21.194191 -27.793337 -32.945537 -38.217211 -39.323338 -38.818112 -30.393006 -28.738954 -27.551718 -23.542467 -21.923660 -18.326063 -13.835061 -6.183323 -1.080517 7.962078 11.896493 15.136252 22.174987 30.235387 22.777837 20.381840 18.179312 8.952929
if station P and not baseline JP and not baseline RP
    pc_phases_r abcdefghijklmnopqrstuvwxyzABCDEF 162.702197 111.784421 75.395027 49.845050 28.706745 15.823596 1.327429 -9.232649 -21.194191 -27.793337 -32.945537 -38.217211 -39.323338 -38.818112 -30.393006 -28.738954 -27.551718 -23.542467 -21.923660 -18.326063 -13.835061 -6.183323 -1.080517 7.962078 11.896493 15.136252 22.174987 30.235387 22.777837 20.381840 18.179312 8.952929
if station S and baseline JS or station S and baseline RS
    pc_phases_r abcdefghijklmnopqrstuvwxyzABCDE -5.943614 -7.251732 -8.886903 -10.215506 -7.695911 -5.021380 -1.195614 -1.065461 -0.469513 2.889501 4.589773 2.672825 6.455414 8.768253 6.965322 2.330640 6.870081 14.558750 15.048672 10.273893 9.607856 7.613931 7.862791 7.643693 8.957480 3.571382 -5.237812 -18.323753 -20.673861 -17.498160 -15.639527
if station S and not baseline JS and not baseline RS
    pc_phases_r abcdefghijklmnopqrstuvwxyzABCDEF -8.651564 -5.943614 -7.251732 -8.886903 -10.215506 -7.695911 -5.021380 -1.195614 -1.065461 -0.469513 2.889501 4.589773 2.672825 6.455414 8.768253 6.965322 2.330640 6.870081 14.558750 15.048672 10.273893 9.607856 7.613931 7.862791 7.643693 8.957480 3.571382 -5.237812 -18.323753 -20.673861 -17.498160 -15.639527
if station X and baseline JX or station X and baseline RX
    pc_phases_r abcdefghijklmnopqrstuvwxyzABCDE -18.637934 -12.251052 -8.756231 -8.835856 3.176443 2.301426 2.864189 -0.609976 1.409009 2.970473 10.516655 3.518800 6.644237 7.186461 12.228908 9.835813 13.942704 13.874457 11.483070 9.929621 13.697215 12.941332 7.932776 3.630846 1.254403 1.539546 -4.186772 -9.522460 -18.258643 -23.718633 -36.539277
if station X and not baseline JX and not baseline RX
    pc_phases_r abcdefghijklmnopqrstuvwxyzABCDEF -19.036720 -18.637934 -12.251052 -8.756231 -8.835856 3.176443 2.301426 2.864189 -0.609976 1.409009 2.970473 10.516655 3.518800 6.644237 7.186461 12.228908 9.835813 13.942704 13.874457 11.483070 9.929621 13.697215 12.941332 7.932776 3.630846 1.254403 1.539546 -4.186772 -9.522460 -18.258643 -23.718633 -36.539277
if station Y and baseline JY or station Y and baseline RY
    pc_phases_r abcdefghijklmnopqrstuvwxyzABCDE -53.520214 -46.880300 -38.687412 -28.140613 -15.662736 -8.980264 -4.566412 1.763543 5.245583 22.650353 22.498701 25.199295 25.869368 26.342265 37.124330 33.468909 35.384316 29.623573 25.163230 18.313348 16.822022 12.991135 11.032500 5.755415 -1.531719 -3.476202 -15.584843 -29.289741 -36.982765 -45.241262 -58.990739
if station Y and not baseline JY and not baseline RY
    pc_phases_r abcdefghijklmnopqrstuvwxyzABCDEF -50.691715 -53.520214 -46.880300 -38.687412 -28.140613 -15.662736 -8.980264 -4.566412 1.763543 5.245583 22.650353 22.498701 25.199295 25.869368 26.342265 37.124330 33.468909 35.384316 29.623573 25.163230 18.313348 16.822022 12.991135 11.032500 5.755415 -1.531719 -3.476202 -15.584843 -29.289741 -36.982765 -45.241262 -58.990739
if station Z and baseline JZ or station Z and baseline RZ
    pc_phases_r abcdefghijklmnopqrstuvwxyzABCDE -8.701214 -13.827819 -13.981806 -13.978607 -11.726816 -10.467391 -4.837961 -3.426885 2.599873 4.398147 4.488036 3.618645 6.164500 12.653131 12.718343 9.853692 10.541189 11.706104 13.671550 10.172181 10.696838 9.302695 8.514510 5.852591 3.161209 3.400691 1.534135 -4.026098 -11.077910 -21.958608 -38.842115
if station Z and not baseline JZ and not baseline RZ
    pc_phases_r abcdefghijklmnopqrstuvwxyzABCDEF 6.745728 -8.701214 -13.827819 -13.981806 -13.978607 -11.726816 -10.467391 -4.837961 -3.426885 2.599873 4.398147 4.488036 3.618645 6.164500 12.653131 12.718343 9.853692 10.541189 11.706104 13.671550 10.172181 10.696838 9.302695 8.514510 5.852591 3.161209 3.400691 1.534135 -4.026098 -11.077910 -21.958608 -38.842115
if station J
    pc_phases_l abcdefghijklmnopqrstuvwxyzABCDEF 104.849619 83.001809 43.064224 19.407206 7.260912 -2.541010 -13.676598 -15.208968 -18.173368 -14.911727 -18.809948 -21.557293 -24.142185 -29.158642 -24.891740 -22.498935 -9.995820 -4.832884 -3.701530 -9.162746 -10.902713 -10.296426 -11.923094 -12.355589 5.675139 17.972481 28.715633 22.951402 18.768048 16.611562 19.597679 27.726398
if station L and baseline JL or station L and baseline RL
    pc_phases_l abcdefghijklmnopqrstuvwxyzABCDE -15.404794 -15.134419 -12.620104 -11.489156 -7.052183 -3.550825 0.343517 -1.819663 -2.434398 -0.898325 0.136931 1.458411 5.089650 10.140643 13.190681 11.826499 16.854064 18.337504 19.555044 14.233210 13.035932 12.251273 12.020204 9.015627 4.656560 0.949708 -2.426994 -10.837049 -17.932998 -28.457684 -42.717967
if station L and not baseline JL and not baseline RL
    pc_phases_l abcdefghijklmnopqrstuvwxyzABCDEF -5.624333 -15.404794 -15.134419 -12.620104 -11.489156 -7.052183 -3.550825 0.343517 -1.819663 -2.434398 -0.898325 0.136931 1.458411 5.089650 10.140643 13.190681 11.826499 16.854064 18.337504 19.555044 14.233210 13.035932 12.251273 12.020204 9.015627 4.656560 0.949708 -2.426994 -10.837049 -17.932998 -28.457684 -42.717967
if station P and baseline JP or station P and baseline RP
    pc_phases_l abcdefghijklmnopqrstuvwxyzABCDE 128.046191 91.386853 63.965375 36.725435 16.174377 -1.418599 -10.598598 -23.585547 -25.813051 -30.324880 -34.184128 -38.001162 -37.046774 -31.033077 -30.483633 -30.997516 -25.443806 -19.674039 -11.605153 -9.138676 -0.896571 2.433029 7.356489 7.078034 11.723968 18.683382 28.635288 24.126987 20.615486 13.570588 7.840436
if station P and not baseline JP and not baseline RP
    pc_phases_l abcdefghijklmnopqrstuvwxyzABCDEF 171.834328 128.046191 91.386853 63.965375 36.725435 16.174377 -1.418599 -10.598598 -23.585547 -25.813051 -30.324880 -34.184128 -38.001162 -37.046774 -31.033077 -30.483633 -30.997516 -25.443806 -19.674039 -11.605153 -9.138676 -0.896571 2.433029 7.356489 7.078034 11.723968 18.683382 28.635288 24.126987 20.615486 13.570588 7.840436
if station R
    pc_phases_l abcdefghijklmnopqrstuvwxyzABCDEF 63.044251 77.964081 85.663377 68.276806 35.998696 16.984409 4.032426 -9.034839 -18.643313 -19.393404 -19.352042 -16.753140 -13.075540 -15.547814 -20.116612 -24.742102 -22.436305 -11.612300 -2.010145 -3.173691 -0.632876 2.543822 6.720180 4.683168 4.998259 1.211142 -0.617875 -2.371726 10.842915 17.259545 23.201403 28.668488
if station S and baseline JS or station S and baseline RS
    pc_phases_l abcdefghijklmnopqrstuvwxyzABCDE -7.626190 -8.738627 -11.689544 -13.833861 -9.520736 -3.897062 2.168464 4.740308 4.402247 4.721132 6.504492 5.617053 5.092777 7.606086 8.126390 5.778069 7.524732 14.058089 14.624314 8.719341 6.581968 6.039500 5.261228 1.726082 0.815051 -1.612934 -3.775110 -13.512608 -16.921418 -13.615451 -10.516006
if station S and not baseline JS and not baseline RS
    pc_phases_l abcdefghijklmnopqrstuvwxyzABCDEF -9.962653 -7.626190 -8.738627 -11.689544 -13.833861 -9.520736 -3.897062 2.168464 4.740308 4.402247 4.721132 6.504492 5.617053 5.092777 7.606086 8.126390 5.778069 7.524732 14.058089 14.624314 8.719341 6.581968 6.039500 5.261228 1.726082 0.815051 -1.612934 -3.775110 -13.512608 -16.921418 -13.615451 -10.516006
if station X and baseline JX or station X and baseline RX
    pc_phases_l abcdefghijklmnopqrstuvwxyzABCDE 0.918940 2.297721 1.509907 -2.736901 2.162351 0.558491 -0.763714 -6.199623 -3.234422 -2.216290 -1.795343 -5.564520 -5.674492 -2.331216 -0.612391 -1.099290 3.878836 9.286325 8.258514 6.072670 10.060313 11.612712 12.256197 6.700814 5.081112 1.114797 0.765166 -3.741946 -9.579692 -16.127117 -23.566655
if station X and not baseline JX and not baseline RX
    pc_phases_l abcdefghijklmnopqrstuvwxyzABCDEF 1.237826 0.918940 2.297721 1.509907 -2.736901 2.162351 0.558491 -0.763714 -6.199623 -3.234422 -2.216290 -1.795343 -5.564520 -5.674492 -2.331216 -0.612391 -1.099290 3.878836 9.286325 8.258514 6.072670 10.060313 11.612712 12.256197 6.700814 5.081112 1.114797 0.765166 -3.741946 -9.579692 -16.127117 -23.566655
if station Y and baseline JY or station Y and baseline RY
    pc_phases_l abcdefghijklmnopqrstuvwxyzABCDE -31.618182 -33.487813 -26.931327 -26.878047 -10.974532 -4.248055 -0.934466 3.527700 -0.130472 12.978780 11.895841 14.195346 17.271786 15.857048 28.024717 24.787046 26.845839 26.424797 24.542116 16.043139 15.935208 13.015265 13.509467 8.487093 4.146531 -0.546329 -10.134586 -22.902606 -31.527919 -37.011604 -47.227732
if station Y and not baseline JY and not baseline RY
    pc_phases_l abcdefghijklmnopqrstuvwxyzABCDEF -18.813268 -31.618182 -33.487813 -26.931327 -26.878047 -10.974532 -4.248055 -0.934466 3.527700 -0.130472 12.978780 11.895841 14.195346 17.271786 15.857048 28.024717 24.787046 26.845839 26.424797 24.542116 16.043139 15.935208 13.015265 13.509467 8.487093 4.146531 -0.546329 -10.134586 -22.902606 -31.527919 -37.011604 -47.227732
if station Z and baseline JZ or station Z and baseline RZ
    pc_phases_l abcdefghijklmnopqrstuvwxyzABCDE 0.062194 -9.586834 -20.959963 -17.126482 -13.547098 -11.104996 -6.490725 -3.493634 -0.008602 2.914455 0.714447 -0.506833 3.494833 10.398849 12.013686 11.278163 12.710035 14.091581 12.736973 9.819666 10.905002 10.414059 9.342235 2.625316 1.866471 3.585711 5.162041 -1.606879 -10.257121 -22.882681 -38.117729
if station Z and not baseline JZ and not baseline RZ
    pc_phases_l abcdefghijklmnopqrstuvwxyzABCDEF 16.281170 0.062194 -9.586834 -20.959963 -17.126482 -13.547098 -11.104996 -6.490725 -3.493634 -0.008602 2.914455 0.714447 -0.506833 3.494833 10.398849 12.013686 11.278163 12.710035 14.091581 12.736973 9.819666 10.905002 10.414059 9.342235 2.625316 1.866471 3.585711 5.162041 -1.606879 -10.257121 -22.882681 -38.117729
if station J
    delay_offs abcdefghijklmnopqrstuvwxyzABCDEF -0.646853 -1.464683 -1.496013 -0.836577 -0.499492 -0.475065 -0.322659 -0.152680 -0.010804 -0.023188 -0.171592 -0.116607 -0.126987 0.035303 0.172972 0.346328 0.417195 0.137763 -0.131155 -0.174394 -0.000325 -0.005612 -0.040135 0.398362 0.667820 0.500995 0.115429 -0.224805 -0.138175 0.055924 0.315541 0.575157
if station L and baseline JL or station L and baseline RL
    delay_offs abcdefghijklmnopqrstuvwxyzABCDE -0.168418 0.105227 0.086326 0.149536 0.256645 0.282996 0.133535 -0.027200 0.002996 0.023793 0.003621 0.051389 0.170876 0.161219 0.023187 0.065009 0.125437 0.055790 -0.041914 -0.036380 0.011242 -0.068995 -0.158517 -0.189678 -0.144299 -0.138428 -0.293099 -0.413156 -0.459195 -0.677874 -0.985652
if station L and not baseline JL and not baseline RL
    delay_offs abcdefghijklmnopqrstuvwxyzABCDEF -0.674414 -0.168418 0.105227 0.086326 0.149536 0.256645 0.282996 0.133535 -0.027200 0.002996 0.023793 0.003621 0.051389 0.170876 0.161219 0.023187 0.065009 0.125437 0.055790 -0.041914 -0.036380 0.011242 -0.068995 -0.158517 -0.189678 -0.144299 -0.138428 -0.293099 -0.413156 -0.459195 -0.677874 -0.985652
if station P and baseline JP or station P and baseline RP
    delay_offs abcdefghijklmnopqrstuvwxyzABCDE -1.990493 -1.489303 -1.196517 -0.967024 -0.775540 -0.613998 -0.529653 -0.400969 -0.220126 -0.223626 -0.166309 -0.040135 0.188872 0.197432 0.034846 0.121954 0.199556 0.224533 0.220837 0.271233 0.288075 0.266048 0.210420 0.137074 0.259199 0.379449 0.070493 -0.212357 -0.178589 -0.286740 -0.424647
if station P and not baseline JP and not baseline RP
    delay_offs abcdefghijklmnopqrstuvwxyzABCDEF -2.514907 -1.990493 -1.489303 -1.196517 -0.967024 -0.775540 -0.613998 -0.529653 -0.400969 -0.220126 -0.223626 -0.166309 -0.040135 0.188872 0.197432 0.034846 0.121954 0.199556 0.224533 0.220837 0.271233 0.288075 0.266048 0.210420 0.137074 0.259199 0.379449 0.070493 -0.212357 -0.178589 -0.286740 -0.424647
if station R
    delay_offs abcdefghijklmnopqrstuvwxyzABCDEF 0.878464 0.536157 -0.229624 -1.177237 -1.215820 -0.757719 -0.616753 -0.537499 -0.245536 -0.016799 0.062584 0.148776 0.028571 -0.166899 -0.217939 -0.054985 0.311225 0.484176 0.200026 0.032646 0.135526 0.174295 0.050710 -0.040816 -0.082300 -0.133123 -0.084927 0.271663 0.465334 0.292942 0.270434 0.247927
if station S and baseline JS or station S and baseline RS
    delay_offs abcdefghijklmnopqrstuvwxyzABCDE 0.031029 -0.083317 -0.096073 0.040522 0.180944 0.217046 0.151211 0.036518 0.045176 0.083120 0.008249 0.004320 0.094557 0.042666 -0.096501 -0.008265 0.241625 0.180547 -0.114734 -0.161078 -0.063142 -0.036261 -0.053353 -0.042207 -0.086780 -0.218114 -0.396283 -0.337226 0.009186 0.136745 0.101136
if station S and not baseline JS and not baseline RS
    delay_offs abcdefghijklmnopqrstuvwxyzABCDEF 0.207231 0.031029 -0.083317 -0.096073 0.040522 0.180944 0.217046 0.151211 0.036518 0.045176 0.083120 0.008249 0.004320 0.094557 0.042666 -0.096501 -0.008265 0.241625 0.180547 -0.114734 -0.161078 -0.063142 -0.036261 -0.053353 -0.042207 -0.086780 -0.218114 -0.396283 -0.337226 0.009186 0.136745 0.101136
if station X and baseline JX or station X and baseline RX
    delay_offs abcdefghijklmnopqrstuvwxyzABCDE 0.089863 0.121758 -0.020808 0.146761 0.169883 -0.038110 -0.113906 -0.046081 0.089257 0.125494 -0.032272 -0.091066 0.082304 0.126482 0.048026 0.075828 0.169124 0.019325 -0.085536 0.047422 0.100507 -0.044284 -0.169874 -0.164165 -0.089891 -0.116369 -0.190850 -0.290292 -0.315165 -0.383198 -0.582631
if station X and not baseline JX and not baseline RX
    delay_offs abcdefghijklmnopqrstuvwxyzABCDEF -0.091060 0.089863 0.121758 -0.020808 0.146761 0.169883 -0.038110 -0.113906 -0.046081 0.089257 0.125494 -0.032272 -0.091066 0.082304 0.126482 0.048026 0.075828 0.169124 0.019325 -0.085536 0.047422 0.100507 -0.044284 -0.169874 -0.164165 -0.089891 -0.116369 -0.190850 -0.290292 -0.315165 -0.383198 -0.582631
if station Y and baseline JY or station Y and baseline RY
    delay_offs abcdefghijklmnopqrstuvwxyzABCDE -0.145569 0.217614 0.283296 0.451901 0.498857 0.249113 0.216116 0.115783 0.349311 0.344635 0.046678 0.107582 0.034432 0.262347 0.192663 -0.034183 -0.024269 -0.146193 -0.257005 -0.201004 -0.098136 -0.095782 -0.137903 -0.257270 -0.216005 -0.335744 -0.567971 -0.506904 -0.355199 -0.441934 -0.681691
if station Y and not baseline JY and not baseline RY
    delay_offs abcdefghijklmnopqrstuvwxyzABCDEF -0.620707 -0.145569 0.217614 0.283296 0.451901 0.498857 0.249113 0.216116 0.115783 0.349311 0.344635 0.046678 0.107582 0.034432 0.262347 0.192663 -0.034183 -0.024269 -0.146193 -0.257005 -0.201004 -0.098136 -0.095782 -0.137903 -0.257270 -0.216005 -0.335744 -0.567971 -0.506904 -0.355199 -0.441934 -0.681691
if station Z and baseline JZ or station Z and baseline RZ
    delay_offs abcdefghijklmnopqrstuvwxyzABCDE -0.547291 -0.310265 -0.090833 0.114486 0.112660 0.165276 0.173633 0.165087 0.168786 0.030959 -0.049491 0.053005 0.236139 0.178347 -0.022986 -0.017671 0.055353 0.037474 -0.068825 -0.056996 -0.003388 -0.044441 -0.132847 -0.151799 -0.017956 0.019039 -0.149746 -0.331710 -0.464360 -0.659318 -0.864221
if station Z and not baseline JZ and not baseline RZ
    delay_offs abcdefghijklmnopqrstuvwxyzABCDEF -0.946749 -0.547291 -0.310265 -0.090833 0.114486 0.112660 0.165276 0.173633 0.165087 0.168786 0.030959 -0.049491 0.053005 0.236139 0.178347 -0.022986 -0.017671 0.055353 0.037474 -0.068825 -0.056996 -0.003388 -0.044441 -0.132847 -0.151799 -0.017956 0.019039 -0.149746 -0.331710 -0.464360 -0.659318 -0.864221
