* [2020-04-06 11:59:54] lindy@eht-crunch-0:/data/2017-april/ce/er6test4/hops-lo/3.+adhoc$ /home/lindy/bin/alma_delayoffs -c /data/2017-april/ce/er6test4/hops-lo/3.+adhoc/data/alist.v6

if station L and scan 094-185959 to 095-190001
    delay_offs_r abcdefghijklmnopqrstuvwxyzABCDEF -1.7958 -1.7958 -1.7958 -1.7958 -1.7958 -1.7958 -1.7958 -1.7958 -1.7958 -1.7958 -1.7958 -1.7958 -1.7958 -1.7958 -1.7958 -1.7958 -1.7958 -1.7958 -1.7958 -1.7958 -1.7958 -1.7958 -1.7958 -1.7958 -1.7958 -1.7958 -1.7958 -1.7958 -1.7958 -1.7958 -1.7958 -1.7958
    pc_delay_r -1.7958

if station P and scan 094-185959 to 095-190001
    delay_offs_r abcdefghijklmnopqrstuvwxyzABCDEF 5.0492 5.0492 5.0492 5.0492 5.0492 5.0492 5.0492 5.0492 5.0492 5.0492 5.0492 5.0492 5.0492 5.0492 5.0492 5.0492 5.0492 5.0492 5.0492 5.0492 5.0492 5.0492 5.0492 5.0492 5.0492 5.0492 5.0492 5.0492 5.0492 5.0492 5.0492 5.0492
    pc_delay_r 5.0492

if station S and scan 094-185959 to 095-190001
    delay_offs_r abcdefghijklmnopqrstuvwxyzABCDEF -55.9262 -55.9262 -55.9262 -55.9262 -55.9262 -55.9262 -55.9262 -55.9262 -55.9262 -55.9262 -55.9262 -55.9262 -55.9262 -55.9262 -55.9262 -55.9262 -55.9262 -55.9262 -55.9262 -55.9262 -55.9262 -55.9262 -55.9262 -55.9262 -55.9262 -55.9262 -55.9262 -55.9262 -55.9262 -55.9262 -55.9262 -55.9262
    pc_delay_r -55.9262

if station X and scan 094-185959 to 095-190001
    delay_offs_r abcdefghijklmnopqrstuvwxyzABCDEF -1.5147 -1.5147 -1.5147 -1.5147 -1.5147 -1.5147 -1.5147 -1.5147 -1.5147 -1.5147 -1.5147 -1.5147 -1.5147 -1.5147 -1.5147 -1.5147 -1.5147 -1.5147 -1.5147 -1.5147 -1.5147 -1.5147 -1.5147 -1.5147 -1.5147 -1.5147 -1.5147 -1.5147 -1.5147 -1.5147 -1.5147 -1.5147
    pc_delay_r -1.5147

if station Z and scan 094-185959 to 095-190001
    delay_offs_r abcdefghijklmnopqrstuvwxyzABCDEF 5.4753 5.4753 5.4753 5.4753 5.4753 5.4753 5.4753 5.4753 5.4753 5.4753 5.4753 5.4753 5.4753 5.4753 5.4753 5.4753 5.4753 5.4753 5.4753 5.4753 5.4753 5.4753 5.4753 5.4753 5.4753 5.4753 5.4753 5.4753 5.4753 5.4753 5.4753 5.4753
    pc_delay_r 5.4753

if station L and scan 095-185959 to 096-190001
    delay_offs_r abcdefghijklmnopqrstuvwxyzABCDEF -1.8000 -1.8000 -1.8000 -1.8000 -1.8000 -1.8000 -1.8000 -1.8000 -1.8000 -1.8000 -1.8000 -1.8000 -1.8000 -1.8000 -1.8000 -1.8000 -1.8000 -1.8000 -1.8000 -1.8000 -1.8000 -1.8000 -1.8000 -1.8000 -1.8000 -1.8000 -1.8000 -1.8000 -1.8000 -1.8000 -1.8000 -1.8000
    pc_delay_r -1.8000

if station P and scan 095-185959 to 096-190001
    delay_offs_r abcdefghijklmnopqrstuvwxyzABCDEF 5.0451 5.0451 5.0451 5.0451 5.0451 5.0451 5.0451 5.0451 5.0451 5.0451 5.0451 5.0451 5.0451 5.0451 5.0451 5.0451 5.0451 5.0451 5.0451 5.0451 5.0451 5.0451 5.0451 5.0451 5.0451 5.0451 5.0451 5.0451 5.0451 5.0451 5.0451 5.0451
    pc_delay_r 5.0451

if station S and scan 095-185959 to 096-190001
    delay_offs_r abcdefghijklmnopqrstuvwxyzABCDEF -55.9320 -55.9320 -55.9320 -55.9320 -55.9320 -55.9320 -55.9320 -55.9320 -55.9320 -55.9320 -55.9320 -55.9320 -55.9320 -55.9320 -55.9320 -55.9320 -55.9320 -55.9320 -55.9320 -55.9320 -55.9320 -55.9320 -55.9320 -55.9320 -55.9320 -55.9320 -55.9320 -55.9320 -55.9320 -55.9320 -55.9320 -55.9320
    pc_delay_r -55.9320

if station X and scan 095-185959 to 096-190001
    delay_offs_r abcdefghijklmnopqrstuvwxyzABCDEF -1.5176 -1.5176 -1.5176 -1.5176 -1.5176 -1.5176 -1.5176 -1.5176 -1.5176 -1.5176 -1.5176 -1.5176 -1.5176 -1.5176 -1.5176 -1.5176 -1.5176 -1.5176 -1.5176 -1.5176 -1.5176 -1.5176 -1.5176 -1.5176 -1.5176 -1.5176 -1.5176 -1.5176 -1.5176 -1.5176 -1.5176 -1.5176
    pc_delay_r -1.5176

if station Y and scan 095-185959 to 096-190001
    delay_offs_r abcdefghijklmnopqrstuvwxyzABCDEF 0.0522 0.0522 0.0522 0.0522 0.0522 0.0522 0.0522 0.0522 0.0522 0.0522 0.0522 0.0522 0.0522 0.0522 0.0522 0.0522 0.0522 0.0522 0.0522 0.0522 0.0522 0.0522 0.0522 0.0522 0.0522 0.0522 0.0522 0.0522 0.0522 0.0522 0.0522 0.0522
    pc_delay_r 0.0522

if station Z and scan 095-185959 to 096-190001
    delay_offs_r abcdefghijklmnopqrstuvwxyzABCDEF 5.5047 5.5047 5.5047 5.5047 5.5047 5.5047 5.5047 5.5047 5.5047 5.5047 5.5047 5.5047 5.5047 5.5047 5.5047 5.5047 5.5047 5.5047 5.5047 5.5047 5.5047 5.5047 5.5047 5.5047 5.5047 5.5047 5.5047 5.5047 5.5047 5.5047 5.5047 5.5047
    pc_delay_r 5.5047

if station L and scan 096-185959 to 097-190001
    delay_offs_r abcdefghijklmnopqrstuvwxyzABCDEF -1.7903 -1.7903 -1.7903 -1.7903 -1.7903 -1.7903 -1.7903 -1.7903 -1.7903 -1.7903 -1.7903 -1.7903 -1.7903 -1.7903 -1.7903 -1.7903 -1.7903 -1.7903 -1.7903 -1.7903 -1.7903 -1.7903 -1.7903 -1.7903 -1.7903 -1.7903 -1.7903 -1.7903 -1.7903 -1.7903 -1.7903 -1.7903
    pc_delay_r -1.7903

if station P and scan 096-185959 to 097-190001
    delay_offs_r abcdefghijklmnopqrstuvwxyzABCDEF 5.0479 5.0479 5.0479 5.0479 5.0479 5.0479 5.0479 5.0479 5.0479 5.0479 5.0479 5.0479 5.0479 5.0479 5.0479 5.0479 5.0479 5.0479 5.0479 5.0479 5.0479 5.0479 5.0479 5.0479 5.0479 5.0479 5.0479 5.0479 5.0479 5.0479 5.0479 5.0479
    pc_delay_r 5.0479

if station S and scan 096-185959 to 097-190001
    delay_offs_r abcdefghijklmnopqrstuvwxyzABCDEF -55.9218 -55.9218 -55.9218 -55.9218 -55.9218 -55.9218 -55.9218 -55.9218 -55.9218 -55.9218 -55.9218 -55.9218 -55.9218 -55.9218 -55.9218 -55.9218 -55.9218 -55.9218 -55.9218 -55.9218 -55.9218 -55.9218 -55.9218 -55.9218 -55.9218 -55.9218 -55.9218 -55.9218 -55.9218 -55.9218 -55.9218 -55.9218
    pc_delay_r -55.9218

if station X and scan 096-185959 to 097-190001
    delay_offs_r abcdefghijklmnopqrstuvwxyzABCDEF -1.4358 -1.4358 -1.4358 -1.4358 -1.4358 -1.4358 -1.4358 -1.4358 -1.4358 -1.4358 -1.4358 -1.4358 -1.4358 -1.4358 -1.4358 -1.4358 -1.4358 -1.4358 -1.4358 -1.4358 -1.4358 -1.4358 -1.4358 -1.4358 -1.4358 -1.4358 -1.4358 -1.4358 -1.4358 -1.4358 -1.4358 -1.4358
    pc_delay_r -1.4358

if station Y and scan 096-185959 to 097-190001
    delay_offs_r abcdefghijklmnopqrstuvwxyzABCDEF 0.0457 0.0457 0.0457 0.0457 0.0457 0.0457 0.0457 0.0457 0.0457 0.0457 0.0457 0.0457 0.0457 0.0457 0.0457 0.0457 0.0457 0.0457 0.0457 0.0457 0.0457 0.0457 0.0457 0.0457 0.0457 0.0457 0.0457 0.0457 0.0457 0.0457 0.0457 0.0457
    pc_delay_r 0.0457

if station Z and scan 096-185959 to 097-190001
    delay_offs_r abcdefghijklmnopqrstuvwxyzABCDEF 5.4908 5.4908 5.4908 5.4908 5.4908 5.4908 5.4908 5.4908 5.4908 5.4908 5.4908 5.4908 5.4908 5.4908 5.4908 5.4908 5.4908 5.4908 5.4908 5.4908 5.4908 5.4908 5.4908 5.4908 5.4908 5.4908 5.4908 5.4908 5.4908 5.4908 5.4908 5.4908
    pc_delay_r 5.4908

if station S and scan 097-185959 to 098-190001
    delay_offs_r abcdefghijklmnopqrstuvwxyzABCDEF -55.9201 -55.9201 -55.9201 -55.9201 -55.9201 -55.9201 -55.9201 -55.9201 -55.9201 -55.9201 -55.9201 -55.9201 -55.9201 -55.9201 -55.9201 -55.9201 -55.9201 -55.9201 -55.9201 -55.9201 -55.9201 -55.9201 -55.9201 -55.9201 -55.9201 -55.9201 -55.9201 -55.9201 -55.9201 -55.9201 -55.9201 -55.9201
    pc_delay_r -55.9201

if station X and scan 097-185959 to 098-190001
    delay_offs_r abcdefghijklmnopqrstuvwxyzABCDEF -1.4344 -1.4344 -1.4344 -1.4344 -1.4344 -1.4344 -1.4344 -1.4344 -1.4344 -1.4344 -1.4344 -1.4344 -1.4344 -1.4344 -1.4344 -1.4344 -1.4344 -1.4344 -1.4344 -1.4344 -1.4344 -1.4344 -1.4344 -1.4344 -1.4344 -1.4344 -1.4344 -1.4344 -1.4344 -1.4344 -1.4344 -1.4344
    pc_delay_r -1.4344

if station Y and scan 097-185959 to 098-190001
    delay_offs_r abcdefghijklmnopqrstuvwxyzABCDEF 0.0303 0.0303 0.0303 0.0303 0.0303 0.0303 0.0303 0.0303 0.0303 0.0303 0.0303 0.0303 0.0303 0.0303 0.0303 0.0303 0.0303 0.0303 0.0303 0.0303 0.0303 0.0303 0.0303 0.0303 0.0303 0.0303 0.0303 0.0303 0.0303 0.0303 0.0303 0.0303
    pc_delay_r 0.0303

if station L and scan 099-185959 to 100-190001
    delay_offs_r abcdefghijklmnopqrstuvwxyzABCDEF -1.7923 -1.7923 -1.7923 -1.7923 -1.7923 -1.7923 -1.7923 -1.7923 -1.7923 -1.7923 -1.7923 -1.7923 -1.7923 -1.7923 -1.7923 -1.7923 -1.7923 -1.7923 -1.7923 -1.7923 -1.7923 -1.7923 -1.7923 -1.7923 -1.7923 -1.7923 -1.7923 -1.7923 -1.7923 -1.7923 -1.7923 -1.7923
    pc_delay_r -1.7923

if station P and scan 099-185959 to 100-190001
    delay_offs_r abcdefghijklmnopqrstuvwxyzABCDEF 5.0496 5.0496 5.0496 5.0496 5.0496 5.0496 5.0496 5.0496 5.0496 5.0496 5.0496 5.0496 5.0496 5.0496 5.0496 5.0496 5.0496 5.0496 5.0496 5.0496 5.0496 5.0496 5.0496 5.0496 5.0496 5.0496 5.0496 5.0496 5.0496 5.0496 5.0496 5.0496
    pc_delay_r 5.0496

if station S and scan 099-185959 to 100-190001
    delay_offs_r abcdefghijklmnopqrstuvwxyzABCDEF -58.2415 -58.2415 -58.2415 -58.2415 -58.2415 -58.2415 -58.2415 -58.2415 -58.2415 -58.2415 -58.2415 -58.2415 -58.2415 -58.2415 -58.2415 -58.2415 -58.2415 -58.2415 -58.2415 -58.2415 -58.2415 -58.2415 -58.2415 -58.2415 -58.2415 -58.2415 -58.2415 -58.2415 -58.2415 -58.2415 -58.2415 -58.2415
    pc_delay_r -58.2415

if station X and scan 099-185959 to 100-190001
    delay_offs_r abcdefghijklmnopqrstuvwxyzABCDEF -1.4343 -1.4343 -1.4343 -1.4343 -1.4343 -1.4343 -1.4343 -1.4343 -1.4343 -1.4343 -1.4343 -1.4343 -1.4343 -1.4343 -1.4343 -1.4343 -1.4343 -1.4343 -1.4343 -1.4343 -1.4343 -1.4343 -1.4343 -1.4343 -1.4343 -1.4343 -1.4343 -1.4343 -1.4343 -1.4343 -1.4343 -1.4343
    pc_delay_r -1.4343

if station Y and scan 099-185959 to 100-190001
    delay_offs_r abcdefghijklmnopqrstuvwxyzABCDEF 0.0404 0.0404 0.0404 0.0404 0.0404 0.0404 0.0404 0.0404 0.0404 0.0404 0.0404 0.0404 0.0404 0.0404 0.0404 0.0404 0.0404 0.0404 0.0404 0.0404 0.0404 0.0404 0.0404 0.0404 0.0404 0.0404 0.0404 0.0404 0.0404 0.0404 0.0404 0.0404
    pc_delay_r 0.0404

if station Z and scan 099-185959 to 100-190001
    delay_offs_r abcdefghijklmnopqrstuvwxyzABCDEF 5.4985 5.4985 5.4985 5.4985 5.4985 5.4985 5.4985 5.4985 5.4985 5.4985 5.4985 5.4985 5.4985 5.4985 5.4985 5.4985 5.4985 5.4985 5.4985 5.4985 5.4985 5.4985 5.4985 5.4985 5.4985 5.4985 5.4985 5.4985 5.4985 5.4985 5.4985 5.4985
    pc_delay_r 5.4985

if station X and scan 100-185959 to 101-003001
    delay_offs_r abcdefghijklmnopqrstuvwxyzABCDEF -1.4375 -1.4375 -1.4375 -1.4375 -1.4375 -1.4375 -1.4375 -1.4375 -1.4375 -1.4375 -1.4375 -1.4375 -1.4375 -1.4375 -1.4375 -1.4375 -1.4375 -1.4375 -1.4375 -1.4375 -1.4375 -1.4375 -1.4375 -1.4375 -1.4375 -1.4375 -1.4375 -1.4375 -1.4375 -1.4375 -1.4375 -1.4375
    pc_delay_r -1.4375

if station L and scan 100-185959 to 101-190001
    delay_offs_r abcdefghijklmnopqrstuvwxyzABCDEF -1.7956 -1.7956 -1.7956 -1.7956 -1.7956 -1.7956 -1.7956 -1.7956 -1.7956 -1.7956 -1.7956 -1.7956 -1.7956 -1.7956 -1.7956 -1.7956 -1.7956 -1.7956 -1.7956 -1.7956 -1.7956 -1.7956 -1.7956 -1.7956 -1.7956 -1.7956 -1.7956 -1.7956 -1.7956 -1.7956 -1.7956 -1.7956
    pc_delay_r -1.7956

if station P and scan 100-185959 to 101-190001
    delay_offs_r abcdefghijklmnopqrstuvwxyzABCDEF 5.0442 5.0442 5.0442 5.0442 5.0442 5.0442 5.0442 5.0442 5.0442 5.0442 5.0442 5.0442 5.0442 5.0442 5.0442 5.0442 5.0442 5.0442 5.0442 5.0442 5.0442 5.0442 5.0442 5.0442 5.0442 5.0442 5.0442 5.0442 5.0442 5.0442 5.0442 5.0442
    pc_delay_r 5.0442

if station S and scan 100-185959 to 101-190001
    delay_offs_r abcdefghijklmnopqrstuvwxyzABCDEF -58.2498 -58.2498 -58.2498 -58.2498 -58.2498 -58.2498 -58.2498 -58.2498 -58.2498 -58.2498 -58.2498 -58.2498 -58.2498 -58.2498 -58.2498 -58.2498 -58.2498 -58.2498 -58.2498 -58.2498 -58.2498 -58.2498 -58.2498 -58.2498 -58.2498 -58.2498 -58.2498 -58.2498 -58.2498 -58.2498 -58.2498 -58.2498
    pc_delay_r -58.2498

if station Y and scan 100-185959 to 101-190001
    delay_offs_r abcdefghijklmnopqrstuvwxyzABCDEF 0.0468 0.0468 0.0468 0.0468 0.0468 0.0468 0.0468 0.0468 0.0468 0.0468 0.0468 0.0468 0.0468 0.0468 0.0468 0.0468 0.0468 0.0468 0.0468 0.0468 0.0468 0.0468 0.0468 0.0468 0.0468 0.0468 0.0468 0.0468 0.0468 0.0468 0.0468 0.0468
    pc_delay_r 0.0468

if station Z and scan 100-185959 to 101-190001
    delay_offs_r abcdefghijklmnopqrstuvwxyzABCDEF 5.4946 5.4946 5.4946 5.4946 5.4946 5.4946 5.4946 5.4946 5.4946 5.4946 5.4946 5.4946 5.4946 5.4946 5.4946 5.4946 5.4946 5.4946 5.4946 5.4946 5.4946 5.4946 5.4946 5.4946 5.4946 5.4946 5.4946 5.4946 5.4946 5.4946 5.4946 5.4946
    pc_delay_r 5.4946

if station X and scan 101-002959 to 101-190001
    delay_offs_r abcdefghijklmnopqrstuvwxyzABCDEF 3.9336 3.9336 3.9336 3.9336 3.9336 3.9336 3.9336 3.9336 3.9336 3.9336 3.9336 3.9336 3.9336 3.9336 3.9336 3.9336 3.9336 3.9336 3.9336 3.9336 3.9336 3.9336 3.9336 3.9336 3.9336 3.9336 3.9336 3.9336 3.9336 3.9336 3.9336 3.9336
    pc_delay_r 3.9336

